	6EU6
1.13965	6EU6
1.13965	6EU6
1.13965	6EU6
1.13965	6EU6
1.13965	6EU6
1.13965	6EU6
1.13965	6EU6
1.13965	6EU6
1.13965	6EU6
1.13965	6EU6
1.13965	6EU6
1.13965	6EU6
1.13965	6EU6
1.13965	6EU6
1.13965	6EU6
1.13965	6EU6
1.13965	6EZ6
1.14385
Strike	TU4N6
1 DTE	WE5N6
2 DTE	SU5N6
3 DTE	EU5N6
4 DTE	MO1Q6
7 DTE	TU1Q6
8 DTE	WE1Q6
9 DTE	SU1Q6
10 DTE	EUUQ6
11 DTE	MO2Q6
14 DTE	WE2Q6
16 DTE	EU2Q6
18 DTE	MO3Q6
21 DTE	WE3Q6
23 DTE	EU3Q6
25 DTE	EU4Q6
32 DTE	EUUU6
39 DTE	EUUV6
74 DTE
C	P	C	P	C	P	C	P	C	P	C	P	C	P	C	P	C	P	C	P	C	P	C	P	C	P	C	P	C	P	C	P	C	P	C	P
0.91																																		5
0.92
0.93																																		2
0.94
0.95																																		267
0.96
0.97
0.98
0.99																																		97
1																																		255
1.005
1.01																		6																187
1.015																																		1
1.02																		26																76		59
1.025																																		21
1.03																		102																26		2
1.035																																		18
1.04																		109																164		28
1.045																																		55
1.05																		855															1	231		20
1.055																																	1	84
1.06																		24																119	1	91
1.065																																		171
1.07																		89												1				196	1	104
1.075																																		125
1.08																		608															4	470		59
1.085																		10																23
1.09																		75															3	348		37
1.095																		20												2			2	78		23
1.1																		1,350															1	2,640		668
1.105																		2,442																192		1,276
1.11								7						62				471								3								599		84
1.115								195										361						1						2				809		1,451
1.12								144										2,836	1					2		3				20			22	2,017		256
1.1225				30				102						30				167
1.125				30				497						31				3,321								40				101			8	5,186	51	581
1.1275		47		30		1		155						116				2,227												3
1.13		116		122		2		616		500				30			6	7,608		30		1	3	17						5			53	5,744		2,652
1.1325		178		955		60		159		30				60			1	2,101	1	30										110
1.135		1		683	265	535	10	102		30				158			82	3,956				60		93						110			88	807	160	908
1.1375		10		216		13	32	289			12	16		30			22	871												2
1.14	23	20	10	172			1,848	1,852	18		38	8		29			308	12,020		110				8					5	28			6,800	1,944	68	1,167
1.1425	13	3	103	473	5		217	284	8	24	14	32	60	1			376	352	111				142	56					8	6
1.145	13	2	451	195	51		198	158	4	40	38	4	504	73			1,575	8,173					7	80					28	40			329	1,249	1,831	1,644
1.1475	14		315	80	1		152	56	40				179	200			585	66					3	204
1.15	152		97	1	7		143	733	20				29	40			3,525	1,795		400			3	209					154	1			6,032	3,966	2,181	1,324
1.1525	166		141		12		142		200				128				1,187	35	300				182						3
1.155			673				43		300				30				2,794	1,230					9						101				1,745	1,292	1,140	1,849
1.1575			234				126						116				122				1		26						17
1.16			109				112		1								6,867	917					52						1				6,508	1,278	971	666
1.1625					1		243										75		3
1.165							4										2,857	1,664					56						2				5,681	2,009	915	1,575
1.1675																	1,306
1.17							17										1,740	2,718					9										5,284	2,482	2,363	1,102
1.175							1										1,033	1,004															1,188	2,305	3,542	709
1.18																	1,376	1,269															19,690	113	292	1,457
1.185							3										554	317											2				613	246	757	164
1.19																	837	682															1,522	32	1,728	768
1.195																	337	158															658	82	1,318	284
1.2																	625	1,169															8,295	8	664	1,079
1.205																	303	1															617	14	569	91
1.21																	1,248	7															654	2	167	5
1.215																	316												1				261		314	5
1.22																	116	1															1,345		282
1.225																	1,484																254		153
1.23																	1,112	3															426		51
1.235																	1,315																71		1,064
1.24																	20																456		680
1.245																	1,808																58		13
1.25																	221																292		303
1.255																	453																71		19
1.26																	1,009																172	1	17
1.265																																			417
1.27																	169																95		6
1.28																	14																182		3
1.29																	72																377		28
1.3																	127																745		57
1.31																	9																55	20	100
1.32																	8																38	40
1.33																	41																21		7
1.34																	15																20		1
1.35																	1																1,026		23
1.36																	5																244		3
